6 6
6 5 7 25 0 0 0 0
6 4 7 21 0 0 0 0
5 5 7 18 0 0 0 0
6 3 7 18 0 0 0 0
6 6 7 17 0 0 0 0
5 4 7 17 0 0 0 0
5 6 7 16 0 0 0 0
6 2 7 15 0 0 0 0
5 3 7 15 0 0 0 0
4 4 7 14 0 0 0 0
6 1 7 14 0 0 0 0
5 2 7 14 0 0 0 0
5 1 7 12 0 0 0 0
4 2 1 10 9 0 0 0
4 3 7 10 0 0 0 0
4 1 7 9 0 0 0 0
4 5 7 7 0 0 0 0
4 6 7 7 0 0 0 0
2 3 7 7 0 0 0 0
3 6 7 6 0 0 0 0
3 1 7 6 0 0 0 0
2 5 10 6 10 0 0 0
3 4 7 5 0 0 0 0
3 5 7 5 0 0 0 0
2 4 10 5 10 0 0 0
2 2 7 3 0 0 0 0
2 1 7 3 0 0 0 0
1 2 7 2 0 0 0 0
2 6 7 1 0 0 0 0
3 3 7 1 0 0 0 0
